image_width: 1624
image_height: 1234
camera_name: /stereo_pair/left
camera_matrix:
  rows: 3
  cols: 3
  data: [933.359282, 0.000000, 817.152015, 0.000000, 934.064458, 618.643468, 0.000000, 0.000000, 1.000000]
distortion_model: plumb_bob
distortion_coefficients:
  rows: 1
  cols: 5
  data: [-0.230631, 0.067028, 0.000331, -0.000295, 0.000000]
rectification_matrix:
  rows: 3
  cols: 3
  data: [0.998502, -0.022441, 0.049899, 0.022598, 0.999741, -0.002596, -0.049828, 0.003720, 0.998751]
projection_matrix:
  rows: 3
  cols: 4
  data: [866.490512, 0.000000, 739.076187, 0.000000, 0.000000, 866.490512, 628.760735, 0.000000, 0.000000, 0.000000, 1.000000, 0.000000]
