image_width: 1624
image_height: 1234
camera_name: /stereo_pair/right
camera_matrix:
  rows: 3
  cols: 3
  data: [935.241094, 0.000000, 791.512510, 0.000000, 935.775158, 644.491670, 0.000000, 0.000000, 1.000000]
distortion_model: plumb_bob
distortion_coefficients:
  rows: 1
  cols: 5
  data: [-0.233894, 0.070881, -0.000079, -0.000163, 0.000000]
rectification_matrix:
  rows: 3
  cols: 3
  data: [0.998873, -0.026686, 0.039242, 0.026562, 0.999640, 0.003682, -0.039326, -0.002635, 0.999223]
projection_matrix:
  rows: 3
  cols: 4
  data: [866.490512, 0.000000, 739.076187, -35.537402, 0.000000, 866.490512, 628.760735, 0.000000, 0.000000, 0.000000, 1.000000, 0.000000]
