image_width: 1278
image_height: 958
camera_name: narrow_stereo/right
camera_matrix:
  rows: 3
  cols: 3
  data: [1170.741920, 0.000000, 618.501331, 0.000000, 1172.415879, 453.120925, 0.000000, 0.000000, 1.000000]
distortion_model: plumb_bob
distortion_coefficients:
  rows: 1
  cols: 5
  data: [-0.480624, 0.264046, 0.002470, -0.001106, 0.000000]
rectification_matrix:
  rows: 3
  cols: 3
  data: [0.999919, 0.001534, 0.012607, -0.001548, 0.999998, 0.001154, -0.012605, -0.001174, 0.999920]
projection_matrix:
  rows: 3
  cols: 4
  data: [1137.424287, 0.000000, 621.126251, -37.048853, 0.000000, 1137.424287, 476.395054, 0.000000, 0.000000, 0.000000, 1.000000, 0.000000]
